0.400001	0.500000	0.500000	0.599999	0.500000	0.500000	
0.401014	0.500000	0.500000	0.598986	0.500000	0.500000	
0.402028	0.500000	0.500000	0.597972	0.500000	0.500000	
0.403041	0.500000	0.500000	0.596959	0.500000	0.500000	
0.404054	0.500000	0.500000	0.595946	0.500000	0.500000	
0.405067	0.500000	0.500000	0.594933	0.500000	0.500000	
0.406081	0.500000	0.500000	0.593919	0.500000	0.500000	
0.407094	0.500000	0.500000	0.592906	0.500000	0.500000	
0.408107	0.500000	0.500000	0.591893	0.500000	0.500000	
0.409121	0.500000	0.500000	0.590879	0.500000	0.500000	
0.410134	0.500000	0.500000	0.589866	0.500000	0.500000	
0.411147	0.500000	0.500000	0.588853	0.500000	0.500000	
0.412160	0.500000	0.500000	0.587840	0.500000	0.500000	
0.413174	0.500000	0.500000	0.586826	0.500000	0.500000	
0.414187	0.500000	0.500000	0.585813	0.500000	0.500000	
0.415200	0.500000	0.500000	0.584800	0.500000	0.500000	
0.416213	0.500000	0.500000	0.583787	0.500000	0.500000	
0.417227	0.500000	0.500000	0.582773	0.500000	0.500000	
0.418240	0.500000	0.500000	0.581760	0.500000	0.500000	
0.419253	0.500000	0.500000	0.580747	0.500000	0.500000	
0.420267	0.500000	0.500000	0.579733	0.500000	0.500000	
0.421280	0.500000	0.500000	0.578720	0.500000	0.500000	
0.422293	0.500000	0.500000	0.577707	0.500000	0.500000	
0.423306	0.500000	0.500000	0.576694	0.500000	0.500000	
0.424320	0.500000	0.500000	0.575680	0.500000	0.500000	
0.425333	0.500000	0.500000	0.574667	0.500000	0.500000	
0.426346	0.500000	0.500000	0.573654	0.500000	0.500000	
0.427360	0.500000	0.500000	0.572640	0.500000	0.500000	
0.428373	0.500000	0.500000	0.571627	0.500000	0.500000	
0.429386	0.500000	0.500000	0.570614	0.500000	0.500000	
0.430399	0.500000	0.500000	0.569601	0.500000	0.500000	
0.431413	0.500000	0.500000	0.568587	0.500000	0.500000	
0.432426	0.500000	0.500000	0.567574	0.500000	0.500000	
0.433439	0.500000	0.500000	0.566561	0.500000	0.500000	
0.434453	0.500000	0.500000	0.565548	0.500000	0.500000	
0.435466	0.500000	0.500000	0.564534	0.500000	0.500000	
0.436479	0.500000	0.500000	0.563521	0.500000	0.500000	
0.437492	0.500000	0.500000	0.562508	0.500000	0.500000	
0.438506	0.500000	0.500000	0.561494	0.500000	0.500000	
0.439519	0.500000	0.500000	0.560481	0.500000	0.500000	
0.440532	0.500000	0.500000	0.559468	0.500000	0.500000	
0.441545	0.500000	0.500000	0.558455	0.500000	0.500000	
0.442559	0.500000	0.500000	0.557441	0.500000	0.500000	
0.443572	0.500000	0.500000	0.556428	0.500000	0.500000	
0.444585	0.500000	0.500000	0.555415	0.500000	0.500000	
0.445599	0.500000	0.500000	0.554401	0.500000	0.500000	
0.446612	0.500000	0.500000	0.553388	0.500000	0.500000	
0.447625	0.500000	0.500000	0.552375	0.500000	0.500000	
0.448638	0.500000	0.500000	0.551362	0.500000	0.500000	
0.449652	0.500000	0.500000	0.550348	0.500000	0.500000	
0.450665	0.500000	0.500000	0.549335	0.500000	0.500000	
0.451678	0.500000	0.500000	0.548322	0.500000	0.500000	
0.452692	0.500000	0.500000	0.547309	0.500000	0.500000	
0.453705	0.500000	0.500000	0.546295	0.500000	0.500000	
0.454718	0.500000	0.500000	0.545282	0.500000	0.500000	
0.455731	0.500000	0.500000	0.544269	0.500000	0.500000	
0.456745	0.500000	0.500000	0.543255	0.500000	0.500000	
0.457758	0.500000	0.500000	0.542242	0.500000	0.500000	
0.458771	0.500000	0.500000	0.541229	0.500000	0.500000	
0.459784	0.500000	0.500000	0.540216	0.500000	0.500000	
0.460798	0.500000	0.500000	0.539202	0.500000	0.500000	
0.461811	0.500000	0.500000	0.538189	0.500000	0.500000	
0.462824	0.500000	0.500000	0.537176	0.500000	0.500000	
0.463838	0.500000	0.500000	0.536162	0.500000	0.500000	
0.464851	0.500000	0.500000	0.535149	0.500000	0.500000	
0.465864	0.500000	0.500000	0.534136	0.500000	0.500000	
0.466877	0.500000	0.500000	0.533123	0.500000	0.500000	
0.467891	0.500000	0.500000	0.532109	0.500000	0.500000	
0.468904	0.500000	0.500000	0.531096	0.500000	0.500000	
0.469917	0.500000	0.500000	0.530083	0.500000	0.500000	
0.470931	0.500000	0.500000	0.529069	0.500000	0.500000	
0.471944	0.500000	0.500000	0.528056	0.500000	0.500000	
0.472957	0.500000	0.500000	0.527043	0.500000	0.500000	
0.473970	0.500000	0.500000	0.526030	0.500000	0.500000	
0.474984	0.500000	0.500000	0.525016	0.500000	0.500000	
0.475997	0.500000	0.500000	0.524003	0.500000	0.500000	
0.477010	0.500000	0.500000	0.522990	0.500000	0.500000	
0.478023	0.500000	0.500000	0.521977	0.500000	0.500000	
0.479037	0.500000	0.500000	0.520963	0.500000	0.500000	
0.480050	0.500000	0.500000	0.519950	0.500000	0.500000	
0.481063	0.500000	0.500000	0.518937	0.500000	0.500000	
0.482077	0.500000	0.500000	0.517923	0.500000	0.500000	
0.483090	0.500000	0.500000	0.516910	0.500000	0.500000	
0.484103	0.500000	0.500000	0.515897	0.500000	0.500000	
0.485116	0.500000	0.500000	0.514884	0.500000	0.500000	
0.486130	0.500000	0.500000	0.513870	0.500000	0.500000	
0.487143	0.500000	0.500000	0.512857	0.500000	0.500000	
0.488156	0.500000	0.500000	0.511844	0.500000	0.500000	
0.489170	0.500000	0.500000	0.510830	0.500000	0.500000	
0.490183	0.500000	0.500000	0.509817	0.500000	0.500000	
0.491196	0.500000	0.500000	0.508804	0.500000	0.500000	
0.492209	0.500000	0.500000	0.507791	0.500000	0.500000	
0.493223	0.500000	0.500000	0.506777	0.500000	0.500000	
0.494236	0.500000	0.500000	0.505764	0.500000	0.500000	
0.495249	0.500000	0.500000	0.504751	0.500000	0.500000	
0.496263	0.500000	0.500000	0.503738	0.500000	0.500000	
0.497276	0.500000	0.500000	0.502724	0.500000	0.500000	
0.498289	0.500000	0.500000	0.501711	0.500000	0.500000	
0.499302	0.500000	0.500000	0.500698	0.500000	0.500000	
0.500309	0.500000	0.500000	0.499691	0.500000	0.500000	
0.501322	0.500000	0.500000	0.498678	0.500000	0.500000	
0.502335	0.500000	0.500000	0.497664	0.500000	0.500000	
0.503349	0.500000	0.500000	0.496651	0.500000	0.500000	
0.504362	0.500000	0.500000	0.495638	0.500000	0.500000	
0.505375	0.500000	0.500000	0.494625	0.500000	0.500000	
0.506389	0.500000	0.500000	0.493611	0.500000	0.500000	
0.507402	0.500000	0.500000	0.492598	0.500000	0.500000	
0.508415	0.500000	0.500000	0.491585	0.500000	0.500000	
0.509428	0.500000	0.500000	0.490571	0.500000	0.500000	
0.510442	0.500000	0.500000	0.489558	0.500000	0.500000	
0.511455	0.500000	0.500000	0.488545	0.500000	0.500000	
0.512468	0.500000	0.500000	0.487532	0.500000	0.500000	
0.513482	0.500000	0.500000	0.486518	0.500000	0.500000	
0.514495	0.500000	0.500000	0.485505	0.500000	0.500000	
0.515508	0.500000	0.500000	0.484492	0.500000	0.500000	
0.516521	0.500000	0.500000	0.483479	0.500000	0.500000	
0.517535	0.500000	0.500000	0.482465	0.500000	0.500000	
0.518548	0.500000	0.500000	0.481452	0.500000	0.500000	
0.519561	0.500000	0.500000	0.480439	0.500000	0.500000	
0.520575	0.500000	0.500000	0.479425	0.500000	0.500000	
0.521588	0.500000	0.500000	0.478412	0.500000	0.500000	
0.522601	0.500000	0.500000	0.477399	0.500000	0.500000	
0.523614	0.500000	0.500000	0.476386	0.500000	0.500000	
0.524628	0.500000	0.500000	0.475372	0.500000	0.500000	
0.525641	0.500000	0.500000	0.474359	0.500000	0.500000	
0.526654	0.500000	0.500000	0.473346	0.500000	0.500000	
0.527667	0.500000	0.500000	0.472332	0.500000	0.500000	
0.528681	0.500000	0.500000	0.471319	0.500000	0.500000	
0.529694	0.500000	0.500000	0.470306	0.500000	0.500000	
0.530707	0.500000	0.500000	0.469293	0.500000	0.500000	
0.531721	0.500000	0.500000	0.468279	0.500000	0.500000	
0.532734	0.500000	0.500000	0.467266	0.500000	0.500000	
0.533747	0.500000	0.500000	0.466253	0.500000	0.500000	
0.534760	0.500000	0.500000	0.465240	0.500000	0.500000	
0.535774	0.500000	0.500000	0.464226	0.500000	0.500000	
0.536787	0.500000	0.500000	0.463213	0.500000	0.500000	
0.537800	0.500000	0.500000	0.462200	0.500000	0.500000	
0.538814	0.500000	0.500000	0.461186	0.500000	0.500000	
0.539827	0.500000	0.500000	0.460173	0.500000	0.500000	
0.540840	0.500000	0.500000	0.459160	0.500000	0.500000	
0.541853	0.500000	0.500000	0.458147	0.500000	0.500000	
0.542867	0.500000	0.500000	0.457133	0.500000	0.500000	
0.543880	0.500000	0.500000	0.456120	0.500000	0.500000	
0.544893	0.500000	0.500000	0.455107	0.500000	0.500000	
0.545906	0.500000	0.500000	0.454093	0.500000	0.500000	
0.546920	0.500000	0.500000	0.453080	0.500000	0.500000	
0.547933	0.500000	0.500000	0.452067	0.500000	0.500000	
0.548946	0.500000	0.500000	0.451054	0.500000	0.500000	
0.549960	0.500000	0.500000	0.450040	0.500000	0.500000	
0.550973	0.500000	0.500000	0.449027	0.500000	0.500000	
0.551986	0.500000	0.500000	0.448014	0.500000	0.500000	
0.552999	0.500000	0.500000	0.447001	0.500000	0.500000	
0.554013	0.500000	0.500000	0.445987	0.500000	0.500000	
0.555026	0.500000	0.500000	0.444974	0.500000	0.500000	
0.556039	0.500000	0.500000	0.443961	0.500000	0.500000	
0.557053	0.500000	0.500000	0.442947	0.500000	0.500000	
0.558066	0.500000	0.500000	0.441934	0.500000	0.500000	
0.559079	0.500000	0.500000	0.440921	0.500000	0.500000	
0.560092	0.500000	0.500000	0.439908	0.500000	0.500000	
0.561106	0.500000	0.500000	0.438894	0.500000	0.500000	
0.562119	0.500000	0.500000	0.437881	0.500000	0.500000	
0.563132	0.500000	0.500000	0.436868	0.500000	0.500000	
0.564146	0.500000	0.500000	0.435854	0.500000	0.500000	
0.565159	0.500000	0.500000	0.434841	0.500000	0.500000	
0.566172	0.500000	0.500000	0.433828	0.500000	0.500000	
0.567185	0.500000	0.500000	0.432815	0.500000	0.500000	
0.568199	0.500000	0.500000	0.431801	0.500000	0.500000	
0.569212	0.500000	0.500000	0.430788	0.500000	0.500000	
0.570225	0.500000	0.500000	0.429775	0.500000	0.500000	
0.571238	0.500000	0.500000	0.428761	0.500000	0.500000	
0.572252	0.500000	0.500000	0.427748	0.500000	0.500000	
0.573265	0.500000	0.500000	0.426735	0.500000	0.500000	
0.574278	0.500000	0.500000	0.425722	0.500000	0.500000	
0.575292	0.500000	0.500000	0.424708	0.500000	0.500000	
0.576305	0.500000	0.500000	0.423695	0.500000	0.500000	
0.577318	0.500000	0.500000	0.422682	0.500000	0.500000	
0.578331	0.500000	0.500000	0.421669	0.500000	0.500000	
0.579345	0.500000	0.500000	0.420655	0.500000	0.500000	
0.580358	0.500000	0.500000	0.419642	0.500000	0.500000	
0.581371	0.500000	0.500000	0.418629	0.500000	0.500000	
0.582385	0.500000	0.500000	0.417615	0.500000	0.500000	
0.583398	0.500000	0.500000	0.416602	0.500000	0.500000	
0.584411	0.500000	0.500000	0.415589	0.500000	0.500000	
0.585424	0.500000	0.500000	0.414576	0.500000	0.500000	
0.586438	0.500000	0.500000	0.413562	0.500000	0.500000	
0.587451	0.500000	0.500000	0.412549	0.500000	0.500000	
0.588464	0.500000	0.500000	0.411536	0.500000	0.500000	
0.589477	0.500000	0.500000	0.410522	0.500000	0.500000	
0.590491	0.500000	0.500000	0.409509	0.500000	0.500000	
0.591504	0.500000	0.500000	0.408496	0.500000	0.500000	
0.592517	0.500000	0.500000	0.407483	0.500000	0.500000	
0.593531	0.500000	0.500000	0.406469	0.500000	0.500000	
0.594544	0.500000	0.500000	0.405456	0.500000	0.500000	
0.595557	0.500000	0.500000	0.404443	0.500000	0.500000	
0.596570	0.500000	0.500000	0.403430	0.500000	0.500000	
0.597584	0.500000	0.500000	0.402416	0.500000	0.500000	
0.598597	0.500000	0.500000	0.401403	0.500000	0.500000	
0.599610	0.500000	0.500000	0.400390	0.500000	0.500000	
0.600624	0.500000	0.500000	0.399376	0.500000	0.500000	
0.601637	0.500000	0.500000	0.398363	0.500000	0.500000	
0.602650	0.500000	0.500000	0.397350	0.500000	0.500000	
0.603663	0.500000	0.500000	0.396337	0.500000	0.500000	
0.604677	0.500000	0.500000	0.395323	0.500000	0.500000	
0.605690	0.500000	0.500000	0.394310	0.500000	0.500000	
0.606703	0.500000	0.500000	0.393297	0.500000	0.500000	
0.607717	0.500000	0.500000	0.392283	0.500000	0.500000	
0.608730	0.500000	0.500000	0.391270	0.500000	0.500000	
0.609743	0.500000	0.500000	0.390257	0.500000	0.500000	
0.610756	0.500000	0.500000	0.389244	0.500000	0.500000	
0.611770	0.500000	0.500000	0.388230	0.500000	0.500000	
0.612783	0.500000	0.500000	0.387217	0.500000	0.500000	
0.613796	0.500000	0.500000	0.386204	0.500000	0.500000	
0.614809	0.500000	0.500000	0.385190	0.500000	0.500000	
0.615823	0.500000	0.500000	0.384177	0.500000	0.500000	
0.616836	0.500000	0.500000	0.383164	0.500000	0.500000	
0.617849	0.500000	0.500000	0.382151	0.500000	0.500000	
0.618863	0.500000	0.500000	0.381137	0.500000	0.500000	
0.619876	0.500000	0.500000	0.380124	0.500000	0.500000	
0.620889	0.500000	0.500000	0.379111	0.500000	0.500000	
0.621902	0.500000	0.500000	0.378098	0.500000	0.500000	
0.622916	0.500000	0.500000	0.377084	0.500000	0.500000	
0.623929	0.500000	0.500000	0.376071	0.500000	0.500000	
0.624942	0.500000	0.500000	0.375058	0.500000	0.500000	
0.625956	0.500000	0.500000	0.374044	0.500000	0.500000	
0.626969	0.500000	0.500000	0.373031	0.500000	0.500000	
0.627982	0.500000	0.500000	0.372018	0.500000	0.500000	
0.628995	0.500000	0.500000	0.371005	0.500000	0.500000	
0.630009	0.500000	0.500000	0.369991	0.500000	0.500000	
0.631022	0.500000	0.500000	0.368978	0.500000	0.500000	
0.632035	0.500000	0.500000	0.367965	0.500000	0.500000	
0.633048	0.500000	0.500000	0.366951	0.500000	0.500000	
0.634062	0.500000	0.500000	0.365938	0.500000	0.500000	
0.635075	0.500000	0.500000	0.364925	0.500000	0.500000	
0.636088	0.500000	0.500000	0.363912	0.500000	0.500000	
0.637102	0.500000	0.500000	0.362898	0.500000	0.500000	
0.638115	0.500000	0.500000	0.361885	0.500000	0.500000	
0.639128	0.500000	0.500000	0.360872	0.500000	0.500000	
0.640141	0.500000	0.500000	0.359859	0.500000	0.500000	
0.641155	0.500000	0.500000	0.358845	0.500000	0.500000	
0.642168	0.500000	0.500000	0.357832	0.500000	0.500000	
0.643181	0.500000	0.500000	0.356819	0.500000	0.500000	
0.644195	0.500000	0.500000	0.355805	0.500000	0.500000	
0.645208	0.500000	0.500000	0.354792	0.500000	0.500000	
0.646221	0.500000	0.500000	0.353779	0.500000	0.500000	
0.647234	0.500000	0.500000	0.352766	0.500000	0.500000	
0.648248	0.500000	0.500000	0.351752	0.500000	0.500000	
0.649261	0.500000	0.500000	0.350739	0.500000	0.500000	
0.650274	0.500000	0.500000	0.349726	0.500000	0.500000	
0.651287	0.500000	0.500000	0.348712	0.500000	0.500000	
0.652301	0.500000	0.500000	0.347699	0.500000	0.500000	
0.653314	0.500000	0.500000	0.346686	0.500000	0.500000	
0.654327	0.500000	0.500000	0.345673	0.500000	0.500000	
0.655341	0.500000	0.500000	0.344659	0.500000	0.500000	
0.656354	0.500000	0.500000	0.343646	0.500000	0.500000	
0.657367	0.500000	0.500000	0.342633	0.500000	0.500000	
0.658380	0.500000	0.500000	0.341619	0.500000	0.500000	
0.659394	0.500000	0.500000	0.340606	0.500000	0.500000	
0.660407	0.500000	0.500000	0.339593	0.500000	0.500000	
0.661420	0.500000	0.500000	0.338580	0.500000	0.500000	
0.662434	0.500000	0.500000	0.337566	0.500000	0.500000	
0.663447	0.500000	0.500000	0.336553	0.500000	0.500000	
0.664460	0.500000	0.500000	0.335540	0.500000	0.500000	
0.665473	0.500000	0.500000	0.334527	0.500000	0.500000	
0.666487	0.500000	0.500000	0.333513	0.500000	0.500000	
0.667500	0.500000	0.500000	0.332500	0.500000	0.500000	
0.668513	0.500000	0.500000	0.331487	0.500000	0.500000	
0.669527	0.500000	0.500000	0.330473	0.500000	0.500000	
0.670540	0.500000	0.500000	0.329460	0.500000	0.500000	
0.671553	0.500000	0.500000	0.328447	0.500000	0.500000	
0.672566	0.500000	0.500000	0.327434	0.500000	0.500000	
0.673580	0.500000	0.500000	0.326420	0.500000	0.500000	
0.674593	0.500000	0.500000	0.325407	0.500000	0.500000	
0.675606	0.500000	0.500000	0.324394	0.500000	0.500000	
0.676619	0.500000	0.500000	0.323380	0.500000	0.500000	
0.677633	0.500000	0.500000	0.322367	0.500000	0.500000	
0.678646	0.500000	0.500000	0.321354	0.500000	0.500000	
0.679659	0.500000	0.500000	0.320341	0.500000	0.500000	
0.680673	0.500000	0.500000	0.319327	0.500000	0.500000	
0.681686	0.500000	0.500000	0.318314	0.500000	0.500000	
0.682699	0.500000	0.500000	0.317301	0.500000	0.500000	
0.683712	0.500000	0.500000	0.316288	0.500000	0.500000	
0.684726	0.500000	0.500000	0.315274	0.500000	0.500000	
0.685739	0.500000	0.500000	0.314261	0.500000	0.500000	
0.686752	0.500000	0.500000	0.313248	0.500000	0.500000	
0.687766	0.500000	0.500000	0.312234	0.500000	0.500000	
0.688779	0.500000	0.500000	0.311221	0.500000	0.500000	
0.689792	0.500000	0.500000	0.310208	0.500000	0.500000	
0.690805	0.500000	0.500000	0.309195	0.500000	0.500000	
0.691819	0.500000	0.500000	0.308181	0.500000	0.500000	
0.692832	0.500000	0.500000	0.307168	0.500000	0.500000	
0.693845	0.500000	0.500000	0.306155	0.500000	0.500000	
0.694858	0.500000	0.500000	0.305141	0.500000	0.500000	
0.695872	0.500000	0.500000	0.304128	0.500000	0.500000	
0.696885	0.500000	0.500000	0.303115	0.500000	0.500000	
0.697898	0.500000	0.500000	0.302102	0.500000	0.500000	
0.698912	0.500000	0.500000	0.301088	0.500000	0.500000	
0.699925	0.500000	0.500000	0.300075	0.500000	0.500000	
0.700938	0.500000	0.500000	0.299062	0.500000	0.500000	
0.701951	0.500000	0.500000	0.298048	0.500000	0.500000	
0.702965	0.500000	0.500000	0.297035	0.500000	0.500000	
0.703978	0.500000	0.500000	0.296022	0.500000	0.500000	
0.704991	0.500000	0.500000	0.295009	0.500000	0.500000	
0.706005	0.500000	0.500000	0.293995	0.500000	0.500000	
0.707018	0.500000	0.500000	0.292982	0.500000	0.500000	
0.708031	0.500000	0.500000	0.291969	0.500000	0.500000	
0.709044	0.500000	0.500000	0.290956	0.500000	0.500000	
0.710058	0.500000	0.500000	0.289942	0.500000	0.500000	
0.711071	0.500000	0.500000	0.288929	0.500000	0.500000	
0.712084	0.500000	0.500000	0.287916	0.500000	0.500000	
0.713098	0.500000	0.500000	0.286902	0.500000	0.500000	
0.714111	0.500000	0.500000	0.285889	0.500000	0.500000	
0.715124	0.500000	0.500000	0.284876	0.500000	0.500000	
0.716137	0.500000	0.500000	0.283863	0.500000	0.500000	
0.717151	0.500000	0.500000	0.282849	0.500000	0.500000	
0.718164	0.500000	0.500000	0.281836	0.500000	0.500000	
0.719177	0.500000	0.500000	0.280823	0.500000	0.500000	
0.720190	0.500000	0.500000	0.279809	0.500000	0.500000	
0.721204	0.500000	0.500000	0.278796	0.500000	0.500000	
0.722217	0.500000	0.500000	0.277783	0.500000	0.500000	
0.723230	0.500000	0.500000	0.276770	0.500000	0.500000	
0.724244	0.500000	0.500000	0.275756	0.500000	0.500000	
0.725257	0.500000	0.500000	0.274743	0.500000	0.500000	
0.726270	0.500000	0.500000	0.273730	0.500000	0.500000	
0.727283	0.500000	0.500000	0.272717	0.500000	0.500000	
0.728297	0.500000	0.500000	0.271703	0.500000	0.500000	
0.729310	0.500000	0.500000	0.270690	0.500000	0.500000	
0.730323	0.500000	0.500000	0.269677	0.500000	0.500000	
0.731337	0.500000	0.500000	0.268663	0.500000	0.500000	
0.732350	0.500000	0.500000	0.267650	0.500000	0.500000	
0.733363	0.500000	0.500000	0.266637	0.500000	0.500000	
0.734376	0.500000	0.500000	0.265624	0.500000	0.500000	
0.735390	0.500000	0.500000	0.264610	0.500000	0.500000	
0.736403	0.500000	0.500000	0.263597	0.500000	0.500000	
0.737416	0.500000	0.500000	0.262584	0.500000	0.500000	
0.738429	0.500000	0.500000	0.261570	0.500000	0.500000	
0.739443	0.500000	0.500000	0.260557	0.500000	0.500000	
0.740456	0.500000	0.500000	0.259544	0.500000	0.500000	
0.741469	0.500000	0.500000	0.258531	0.500000	0.500000	
0.742483	0.500000	0.500000	0.257517	0.500000	0.500000	
0.743496	0.500000	0.500000	0.256504	0.500000	0.500000	
0.744509	0.500000	0.500000	0.255491	0.500000	0.500000	
0.745522	0.500000	0.500000	0.254478	0.500000	0.500000	
0.746536	0.500000	0.500000	0.253464	0.500000	0.500000	
0.747549	0.500000	0.500000	0.252451	0.500000	0.500000	
0.748562	0.500000	0.500000	0.251438	0.500000	0.500000	
0.749576	0.500000	0.500000	0.250424	0.500000	0.500000	
0.750589	0.500000	0.500000	0.249420	0.500000	0.500000	
0.751602	0.500000	0.500000	0.248421	0.500000	0.500000	
0.752615	0.500000	0.500000	0.247423	0.500000	0.500000	
0.753629	0.500000	0.500000	0.246425	0.500000	0.500000	
0.754642	0.500000	0.500000	0.245426	0.500000	0.500000	
0.755655	0.500000	0.500000	0.244428	0.500000	0.500000	
0.756669	0.500000	0.500000	0.243430	0.500000	0.500000	
0.757682	0.500000	0.500000	0.242431	0.500000	0.500000	
0.758695	0.500000	0.500000	0.241433	0.500000	0.500000	
0.759708	0.500000	0.500000	0.240434	0.500000	0.500000	
0.760722	0.500000	0.500000	0.239436	0.500000	0.500000	
0.761735	0.500000	0.500000	0.238438	0.500000	0.500000	
0.762748	0.500000	0.500000	0.237439	0.500000	0.500000	
0.763761	0.500000	0.500000	0.236441	0.500000	0.500000	
0.764775	0.500000	0.500000	0.235442	0.500000	0.500000	
0.765788	0.500000	0.500000	0.234444	0.500000	0.500000	
0.766801	0.500000	0.500000	0.233446	0.500000	0.500000	
0.767815	0.500000	0.500000	0.232447	0.500000	0.500000	
0.768828	0.500000	0.500000	0.231449	0.500000	0.500000	
0.769841	0.500000	0.500000	0.230451	0.500000	0.500000	
0.770854	0.500000	0.500000	0.229452	0.500000	0.500000	
0.771868	0.500000	0.500000	0.228454	0.500000	0.500000	
0.772881	0.500000	0.500000	0.227455	0.500000	0.500000	
0.773894	0.500000	0.500000	0.226457	0.500000	0.500000	
0.774908	0.500000	0.500000	0.225459	0.500000	0.500000	
0.775921	0.500000	0.500000	0.224460	0.500000	0.500000	
0.776934	0.500000	0.500000	0.223462	0.500000	0.500000	
0.777947	0.500000	0.500000	0.222464	0.500000	0.500000	
0.778961	0.500000	0.500000	0.221465	0.500000	0.500000	
0.779974	0.500000	0.500000	0.220467	0.500000	0.500000	
0.780987	0.500000	0.500000	0.219468	0.500000	0.500000	
0.782000	0.500000	0.500000	0.218470	0.500000	0.500000	
0.783014	0.500000	0.500000	0.217472	0.500000	0.500000	
0.784027	0.500000	0.500000	0.216473	0.500000	0.500000	
0.785040	0.500000	0.500000	0.215475	0.500000	0.500000	
0.786054	0.500000	0.500000	0.214477	0.500000	0.500000	
0.787067	0.500000	0.500000	0.213478	0.500000	0.500000	
0.788080	0.500000	0.500000	0.212480	0.500000	0.500000	
0.789093	0.500000	0.500000	0.211481	0.500000	0.500000	
0.790107	0.500000	0.500000	0.210483	0.500000	0.500000	
0.791120	0.500000	0.500000	0.209485	0.500000	0.500000	
0.792133	0.500000	0.500000	0.208486	0.500000	0.500000	
0.793147	0.500000	0.500000	0.207488	0.500000	0.500000	
0.794160	0.500000	0.500000	0.206490	0.500000	0.500000	
0.795173	0.500000	0.500000	0.205491	0.500000	0.500000	
0.796186	0.500000	0.500000	0.204493	0.500000	0.500000	
0.797200	0.500000	0.500000	0.203494	0.500000	0.500000	
0.798213	0.500000	0.500000	0.202496	0.500000	0.500000	
0.799226	0.500000	0.500000	0.201498	0.500000	0.500000	
0.800240	0.500000	0.500000	0.200499	0.500000	0.500000	
0.801253	0.500000	0.500000	0.199501	0.500000	0.500000	
0.802266	0.500000	0.500000	0.198503	0.500000	0.500000	
0.803279	0.500000	0.500000	0.197504	0.500000	0.500000	
0.804293	0.500000	0.500000	0.196506	0.500000	0.500000	
0.805306	0.500000	0.500000	0.195507	0.500000	0.500000	
0.806319	0.500000	0.500000	0.194509	0.500000	0.500000	
0.807332	0.500000	0.500000	0.193511	0.500000	0.500000	
0.808346	0.500000	0.500000	0.192512	0.500000	0.500000	
0.809359	0.500000	0.500000	0.191514	0.500000	0.500000	
0.810372	0.500000	0.500000	0.190515	0.500000	0.500000	
0.811386	0.500000	0.500000	0.189517	0.500000	0.500000	
0.812399	0.500000	0.500000	0.188519	0.500000	0.500000	
0.813412	0.500000	0.500000	0.187520	0.500000	0.500000	
0.814425	0.500000	0.500000	0.186522	0.500000	0.500000	
0.815439	0.500000	0.500000	0.185524	0.500000	0.500000	
0.816452	0.500000	0.500000	0.184525	0.500000	0.500000	
0.817465	0.500000	0.500000	0.183527	0.500000	0.500000	
0.818479	0.500000	0.500000	0.182528	0.500000	0.500000	
0.819492	0.500000	0.500000	0.181530	0.500000	0.500000	
0.820505	0.500000	0.500000	0.180532	0.500000	0.500000	
0.821518	0.500000	0.500000	0.179533	0.500000	0.500000	
0.822532	0.500000	0.500000	0.178535	0.500000	0.500000	
0.823545	0.500000	0.500000	0.177537	0.500000	0.500000	
0.824558	0.500000	0.500000	0.176538	0.500000	0.500000	
0.825571	0.500000	0.500000	0.175540	0.500000	0.500000	
0.826585	0.500000	0.500000	0.174541	0.500000	0.500000	
0.827598	0.500000	0.500000	0.173543	0.500000	0.500000	
0.828611	0.500000	0.500000	0.172545	0.500000	0.500000	
0.829625	0.500000	0.500000	0.171546	0.500000	0.500000	
0.830638	0.500000	0.500000	0.170548	0.500000	0.500000	
0.831651	0.500000	0.500000	0.169550	0.500000	0.500000	
0.832664	0.500000	0.500000	0.168551	0.500000	0.500000	
0.833678	0.500000	0.500000	0.167553	0.500000	0.500000	
0.834691	0.500000	0.500000	0.166554	0.500000	0.500000	
0.835704	0.500000	0.500000	0.165556	0.500000	0.500000	
0.836718	0.500000	0.500000	0.164558	0.500000	0.500000	
0.837731	0.500000	0.500000	0.163559	0.500000	0.500000	
0.838744	0.500000	0.500000	0.162561	0.500000	0.500000	
0.839757	0.500000	0.500000	0.161563	0.500000	0.500000	
0.840771	0.500000	0.500000	0.160564	0.500000	0.500000	
0.841784	0.500000	0.500000	0.159566	0.500000	0.500000	
0.842797	0.500000	0.500000	0.158567	0.500000	0.500000	
0.843810	0.500000	0.500000	0.157569	0.500000	0.500000	
0.844824	0.500000	0.500000	0.156571	0.500000	0.500000	
0.845837	0.500000	0.500000	0.155572	0.500000	0.500000	
0.846850	0.500000	0.500000	0.154574	0.500000	0.500000	
0.847864	0.500000	0.500000	0.153576	0.500000	0.500000	
0.848877	0.500000	0.500000	0.152577	0.500000	0.500000	
0.849890	0.500000	0.500000	0.151579	0.500000	0.500000	
0.850903	0.500000	0.500000	0.150580	0.500000	0.500000	
0.851917	0.500000	0.500000	0.149582	0.500000	0.500000	
0.852930	0.500000	0.500000	0.148584	0.500000	0.500000	
0.853943	0.500000	0.500000	0.147585	0.500000	0.500000	
0.854957	0.500000	0.500000	0.146587	0.500000	0.500000	
0.855970	0.500000	0.500000	0.145588	0.500000	0.500000	
0.856983	0.500000	0.500000	0.144590	0.500000	0.500000	
0.857996	0.500000	0.500000	0.143592	0.500000	0.500000	
0.859010	0.500000	0.500000	0.142593	0.500000	0.500000	
0.860023	0.500000	0.500000	0.141595	0.500000	0.500000	
0.861036	0.500000	0.500000	0.140597	0.500000	0.500000	
0.862050	0.500000	0.500000	0.139598	0.500000	0.500000	
0.863063	0.500000	0.500000	0.138600	0.500000	0.500000	
0.864076	0.500000	0.500000	0.137601	0.500000	0.500000	
0.865089	0.500000	0.500000	0.136603	0.500000	0.500000	
0.866103	0.500000	0.500000	0.135605	0.500000	0.500000	
0.867116	0.500000	0.500000	0.134606	0.500000	0.500000	
0.868129	0.500000	0.500000	0.133608	0.500000	0.500000	
0.869142	0.500000	0.500000	0.132610	0.500000	0.500000	
0.870156	0.500000	0.500000	0.131611	0.500000	0.500000	
0.871169	0.500000	0.500000	0.130613	0.500000	0.500000	
0.872182	0.500000	0.500000	0.129614	0.500000	0.500000	
0.873196	0.500000	0.500000	0.128616	0.500000	0.500000	
0.874209	0.500000	0.500000	0.127618	0.500000	0.500000	
0.875222	0.500000	0.500000	0.126619	0.500000	0.500000	
0.876235	0.500000	0.500000	0.125621	0.500000	0.500000	
0.877249	0.500000	0.500000	0.124623	0.500000	0.500000	
0.878262	0.500000	0.500000	0.123624	0.500000	0.500000	
0.879275	0.500000	0.500000	0.122626	0.500000	0.500000	
0.880289	0.500000	0.500000	0.121627	0.500000	0.500000	
0.881302	0.500000	0.500000	0.120629	0.500000	0.500000	
0.882315	0.500000	0.500000	0.119631	0.500000	0.500000	
0.883328	0.500000	0.500000	0.118632	0.500000	0.500000	
0.884342	0.500000	0.500000	0.117634	0.500000	0.500000	
0.885355	0.500000	0.500000	0.116636	0.500000	0.500000	
0.886368	0.500000	0.500000	0.115637	0.500000	0.500000	
0.887381	0.500000	0.500000	0.114639	0.500000	0.500000	
0.888395	0.500000	0.500000	0.113640	0.500000	0.500000	
0.889408	0.500000	0.500000	0.112642	0.500000	0.500000	
0.890421	0.500000	0.500000	0.111644	0.500000	0.500000	
0.891435	0.500000	0.500000	0.110645	0.500000	0.500000	
0.892448	0.500000	0.500000	0.109647	0.500000	0.500000	
0.893461	0.500000	0.500000	0.108649	0.500000	0.500000	
0.894474	0.500000	0.500000	0.107650	0.500000	0.500000	
0.895488	0.500000	0.500000	0.106652	0.500000	0.500000	
0.896501	0.500000	0.500000	0.105653	0.500000	0.500000	
0.897514	0.500000	0.500000	0.104655	0.500000	0.500000	
0.898528	0.500000	0.500000	0.103657	0.500000	0.500000	
0.899541	0.500000	0.500000	0.102658	0.500000	0.500000	
0.900554	0.500000	0.500000	0.101660	0.500000	0.500000	
0.901567	0.500000	0.500000	0.100661	0.500000	0.500000	
0.902581	0.500000	0.500000	0.099663	0.500000	0.500000	
0.903594	0.500000	0.500000	0.098665	0.500000	0.500000	
0.904607	0.500000	0.500000	0.097666	0.500000	0.500000	
0.905621	0.500000	0.500000	0.096668	0.500000	0.500000	
0.906634	0.500000	0.500000	0.095670	0.500000	0.500000	
0.907647	0.500000	0.500000	0.094671	0.500000	0.500000	
0.908660	0.500000	0.500000	0.093673	0.500000	0.500000	
0.909674	0.500000	0.500000	0.092674	0.500000	0.500000	
0.910687	0.500000	0.500000	0.091676	0.500000	0.500000	
0.911700	0.500000	0.500000	0.090678	0.500000	0.500000	
0.912713	0.500000	0.500000	0.089679	0.500000	0.500000	
0.913727	0.500000	0.500000	0.088681	0.500000	0.500000	
0.914740	0.500000	0.500000	0.087683	0.500000	0.500000	
0.915753	0.500000	0.500000	0.086684	0.500000	0.500000	
0.916767	0.500000	0.500000	0.085686	0.500000	0.500000	
0.917780	0.500000	0.500000	0.084687	0.500000	0.500000	
0.918793	0.500000	0.500000	0.083689	0.500000	0.500000	
0.919806	0.500000	0.500000	0.082691	0.500000	0.500000	
0.920820	0.500000	0.500000	0.081692	0.500000	0.500000	
0.921833	0.500000	0.500000	0.080694	0.500000	0.500000	
0.922846	0.500000	0.500000	0.079696	0.500000	0.500000	
0.923860	0.500000	0.500000	0.078697	0.500000	0.500000	
0.924873	0.500000	0.500000	0.077699	0.500000	0.500000	
0.925886	0.500000	0.500000	0.076700	0.500000	0.500000	
0.926899	0.500000	0.500000	0.075702	0.500000	0.500000	
0.927913	0.500000	0.500000	0.074704	0.500000	0.500000	
0.928926	0.500000	0.500000	0.073705	0.500000	0.500000	
0.929939	0.500000	0.500000	0.072707	0.500000	0.500000	
0.930952	0.500000	0.500000	0.071709	0.500000	0.500000	
0.931966	0.500000	0.500000	0.070710	0.500000	0.500000	
0.932979	0.500000	0.500000	0.069712	0.500000	0.500000	
0.933992	0.500000	0.500000	0.068713	0.500000	0.500000	
0.935006	0.500000	0.500000	0.067715	0.500000	0.500000	
0.936019	0.500000	0.500000	0.066717	0.500000	0.500000	
0.937032	0.500000	0.500000	0.065718	0.500000	0.500000	
0.938045	0.500000	0.500000	0.064720	0.500000	0.500000	
0.939059	0.500000	0.500000	0.063722	0.500000	0.500000	
0.940072	0.500000	0.500000	0.062723	0.500000	0.500000	
0.941085	0.500000	0.500000	0.061722	0.500000	0.500000	
0.942099	0.500000	0.500000	0.060720	0.500000	0.500000	
0.943112	0.500000	0.500000	0.059718	0.500000	0.500000	
0.944125	0.500000	0.500000	0.058716	0.500000	0.500000	
0.945138	0.500000	0.500000	0.057713	0.500000	0.500000	
0.946152	0.500000	0.500000	0.056711	0.500000	0.500000	
0.947165	0.500000	0.500000	0.055709	0.500000	0.500000	
0.948178	0.500000	0.500000	0.054707	0.500000	0.500000	
0.949192	0.500000	0.500000	0.053705	0.500000	0.500000	
0.950205	0.500000	0.500000	0.052703	0.500000	0.500000	
0.951218	0.500000	0.500000	0.051701	0.500000	0.500000	
0.952231	0.500000	0.500000	0.050699	0.500000	0.500000	
0.953245	0.500000	0.500000	0.049697	0.500000	0.500000	
0.954258	0.500000	0.500000	0.048695	0.500000	0.500000	
0.955271	0.500000	0.500000	0.047692	0.500000	0.500000	
0.956284	0.500000	0.500000	0.046690	0.500000	0.500000	
0.957298	0.500000	0.500000	0.045688	0.500000	0.500000	
0.958311	0.500000	0.500000	0.044686	0.500000	0.500000	
0.959324	0.500000	0.500000	0.043684	0.500000	0.500000	
0.960338	0.500000	0.500000	0.042682	0.500000	0.500000	
0.961351	0.500000	0.500000	0.041680	0.500000	0.500000	
0.962364	0.500000	0.500000	0.040678	0.500000	0.500000	
0.963377	0.500000	0.500000	0.039676	0.500000	0.500000	
0.964391	0.500000	0.500000	0.038673	0.500000	0.500000	
0.965404	0.500000	0.500000	0.037671	0.500000	0.500000	
0.966417	0.500000	0.500000	0.036669	0.500000	0.500000	
0.967431	0.500000	0.500000	0.035667	0.500000	0.500000	
0.968444	0.500000	0.500000	0.034665	0.500000	0.500000	
0.969457	0.500000	0.500000	0.033663	0.500000	0.500000	
0.970470	0.500000	0.500000	0.032661	0.500000	0.500000	
0.971484	0.500000	0.500000	0.031659	0.500000	0.500000	
0.972497	0.500000	0.500000	0.030658	0.500000	0.500000	
0.973510	0.500000	0.500000	0.029658	0.500000	0.500000	
0.974523	0.500000	0.500000	0.028657	0.500000	0.500000	
0.975537	0.500000	0.500000	0.027657	0.500000	0.500000	
0.976550	0.500000	0.500000	0.026657	0.500000	0.500000	
0.977563	0.500000	0.500000	0.025657	0.500000	0.500000	
0.978577	0.500000	0.500000	0.024656	0.500000	0.500000	
0.979590	0.500000	0.500000	0.023656	0.500000	0.500000	
0.980603	0.500000	0.500000	0.022656	0.500000	0.500000	
0.981616	0.500000	0.500000	0.021656	0.500000	0.500000	
0.982630	0.500000	0.500000	0.020655	0.500000	0.500000	
0.983643	0.500000	0.500000	0.019655	0.500000	0.500000	
0.984656	0.500000	0.500000	0.018655	0.500000	0.500000	
0.985670	0.500000	0.500000	0.017655	0.500000	0.500000	
0.986683	0.500000	0.500000	0.016654	0.500000	0.500000	
0.987696	0.500000	0.500000	0.015654	0.500000	0.500000	
0.988709	0.500000	0.500000	0.014653	0.500000	0.500000	
0.989723	0.500000	0.500000	0.013652	0.500000	0.500000	
0.990736	0.500000	0.500000	0.012651	0.500000	0.500000	
0.991749	0.500000	0.500000	0.011649	0.500000	0.500000	
0.992763	0.500000	0.500000	0.010648	0.500000	0.500000	
0.993776	0.500000	0.500000	0.009647	0.500000	0.500000	
0.994789	0.500000	0.500000	0.008646	0.500000	0.500000	
0.995802	0.500000	0.500000	0.007645	0.500000	0.500000	
0.996816	0.500000	0.500000	0.006644	0.500000	0.500000	
0.997829	0.500000	0.500000	0.005642	0.500000	0.500000	
0.998842	0.500000	0.500000	0.004641	0.500000	0.500000	
0.999855	0.500000	0.500000	0.003640	0.500000	0.500000	
0.999132	0.500000	0.500000	0.002639	0.500000	0.500000	
0.998118	0.500000	0.500000	0.001638	0.500000	0.500000	
0.997105	0.500000	0.500000	0.000637	0.500000	0.500000	
0.996092	0.500000	0.500000	0.000363	0.500000	0.500000	
0.995079	0.500000	0.500000	0.001364	0.500000	0.500000	
0.994065	0.500000	0.500000	0.002365	0.500000	0.500000	
0.993052	0.500000	0.500000	0.003366	0.500000	0.500000	
0.992039	0.500000	0.500000	0.004367	0.500000	0.500000	
0.991025	0.500000	0.500000	0.005369	0.500000	0.500000	
0.990012	0.500000	0.500000	0.006370	0.500000	0.500000	
0.988999	0.500000	0.500000	0.007371	0.500000	0.500000	
0.987986	0.500000	0.500000	0.008372	0.500000	0.500000	
0.986972	0.500000	0.500000	0.009373	0.500000	0.500000	
0.985959	0.500000	0.500000	0.010374	0.500000	0.500000	
0.984946	0.500000	0.500000	0.011376	0.500000	0.500000	
0.983932	0.500000	0.500000	0.012377	0.500000	0.500000	
0.982919	0.500000	0.500000	0.013378	0.500000	0.500000	
0.981906	0.500000	0.500000	0.014379	0.500000	0.500000	
0.980893	0.500000	0.500000	0.015380	0.500000	0.500000	
0.979879	0.500000	0.500000	0.016381	0.500000	0.500000	
0.978866	0.500000	0.500000	0.017381	0.500000	0.500000	
0.977853	0.500000	0.500000	0.018381	0.500000	0.500000	
0.976839	0.500000	0.500000	0.019381	0.500000	0.500000	
0.975826	0.500000	0.500000	0.020382	0.500000	0.500000	
0.974813	0.500000	0.500000	0.021382	0.500000	0.500000	
0.973800	0.500000	0.500000	0.022382	0.500000	0.500000	
0.972786	0.500000	0.500000	0.023382	0.500000	0.500000	
0.971773	0.500000	0.500000	0.024383	0.500000	0.500000	
0.970760	0.500000	0.500000	0.025383	0.500000	0.500000	
0.969747	0.500000	0.500000	0.026383	0.500000	0.500000	
0.968733	0.500000	0.500000	0.027383	0.500000	0.500000	
0.967720	0.500000	0.500000	0.028384	0.500000	0.500000	
0.966707	0.500000	0.500000	0.029384	0.500000	0.500000	
0.965693	0.500000	0.500000	0.030384	0.500000	0.500000	
0.964680	0.500000	0.500000	0.031385	0.500000	0.500000	
0.963667	0.500000	0.500000	0.032387	0.500000	0.500000	
0.962654	0.500000	0.500000	0.033389	0.500000	0.500000	
0.961640	0.500000	0.500000	0.034391	0.500000	0.500000	
0.960627	0.500000	0.500000	0.035393	0.500000	0.500000	
0.959614	0.500000	0.500000	0.036395	0.500000	0.500000	
0.958600	0.500000	0.500000	0.037397	0.500000	0.500000	
0.957587	0.500000	0.500000	0.038399	0.500000	0.500000	
0.956574	0.500000	0.500000	0.039401	0.500000	0.500000	
0.955561	0.500000	0.500000	0.040404	0.500000	0.500000	
0.954547	0.500000	0.500000	0.041406	0.500000	0.500000	
0.953534	0.500000	0.500000	0.042408	0.500000	0.500000	
0.952521	0.500000	0.500000	0.043410	0.500000	0.500000	
0.951508	0.500000	0.500000	0.044412	0.500000	0.500000	
0.950494	0.500000	0.500000	0.045414	0.500000	0.500000	
0.949481	0.500000	0.500000	0.046416	0.500000	0.500000	
0.948468	0.500000	0.500000	0.047418	0.500000	0.500000	
0.947454	0.500000	0.500000	0.048420	0.500000	0.500000	
0.946441	0.500000	0.500000	0.049422	0.500000	0.500000	
0.945428	0.500000	0.500000	0.050425	0.500000	0.500000	
0.944415	0.500000	0.500000	0.051427	0.500000	0.500000	
0.943401	0.500000	0.500000	0.052429	0.500000	0.500000	
0.942388	0.500000	0.500000	0.053431	0.500000	0.500000	
0.941375	0.500000	0.500000	0.054433	0.500000	0.500000	
0.940361	0.500000	0.500000	0.055435	0.500000	0.500000	
0.939348	0.500000	0.500000	0.056437	0.500000	0.500000	
0.938335	0.500000	0.500000	0.057439	0.500000	0.500000	
0.937322	0.500000	0.500000	0.058441	0.500000	0.500000	
0.936308	0.500000	0.500000	0.059443	0.500000	0.500000	
0.935295	0.500000	0.500000	0.060446	0.500000	0.500000	
0.934282	0.500000	0.500000	0.061448	0.500000	0.500000	
0.933268	0.500000	0.500000	0.062450	0.500000	0.500000	
0.932255	0.500000	0.500000	0.063448	0.500000	0.500000	
0.931242	0.500000	0.500000	0.064447	0.500000	0.500000	
0.930229	0.500000	0.500000	0.065445	0.500000	0.500000	
0.929215	0.500000	0.500000	0.066443	0.500000	0.500000	
0.928202	0.500000	0.500000	0.067442	0.500000	0.500000	
0.927189	0.500000	0.500000	0.068440	0.500000	0.500000	
0.926176	0.500000	0.500000	0.069439	0.500000	0.500000	
0.925162	0.500000	0.500000	0.070437	0.500000	0.500000	
0.924149	0.500000	0.500000	0.071435	0.500000	0.500000	
0.923136	0.500000	0.500000	0.072434	0.500000	0.500000	
0.922122	0.500000	0.500000	0.073432	0.500000	0.500000	
0.921109	0.500000	0.500000	0.074431	0.500000	0.500000	
0.920096	0.500000	0.500000	0.075429	0.500000	0.500000	
0.919083	0.500000	0.500000	0.076427	0.500000	0.500000	
0.918069	0.500000	0.500000	0.077426	0.500000	0.500000	
0.917056	0.500000	0.500000	0.078424	0.500000	0.500000	
0.916043	0.500000	0.500000	0.079422	0.500000	0.500000	
0.915029	0.500000	0.500000	0.080421	0.500000	0.500000	
0.914016	0.500000	0.500000	0.081419	0.500000	0.500000	
0.913003	0.500000	0.500000	0.082418	0.500000	0.500000	
0.911990	0.500000	0.500000	0.083416	0.500000	0.500000	
0.910976	0.500000	0.500000	0.084414	0.500000	0.500000	
0.909963	0.500000	0.500000	0.085413	0.500000	0.500000	
0.908950	0.500000	0.500000	0.086411	0.500000	0.500000	
0.907937	0.500000	0.500000	0.087409	0.500000	0.500000	
0.906923	0.500000	0.500000	0.088408	0.500000	0.500000	
0.905910	0.500000	0.500000	0.089406	0.500000	0.500000	
0.904897	0.500000	0.500000	0.090405	0.500000	0.500000	
0.903883	0.500000	0.500000	0.091403	0.500000	0.500000	
0.902870	0.500000	0.500000	0.092401	0.500000	0.500000	
0.901857	0.500000	0.500000	0.093400	0.500000	0.500000	
0.900844	0.500000	0.500000	0.094398	0.500000	0.500000	
0.899830	0.500000	0.500000	0.095396	0.500000	0.500000	
0.898817	0.500000	0.500000	0.096395	0.500000	0.500000	
0.897804	0.500000	0.500000	0.097393	0.500000	0.500000	
0.896790	0.500000	0.500000	0.098392	0.500000	0.500000	
0.895777	0.500000	0.500000	0.099390	0.500000	0.500000	
0.894764	0.500000	0.500000	0.100388	0.500000	0.500000	
0.893751	0.500000	0.500000	0.101387	0.500000	0.500000	
0.892737	0.500000	0.500000	0.102385	0.500000	0.500000	
0.891724	0.500000	0.500000	0.103383	0.500000	0.500000	
0.890711	0.500000	0.500000	0.104382	0.500000	0.500000	
0.889697	0.500000	0.500000	0.105380	0.500000	0.500000	
0.888684	0.500000	0.500000	0.106379	0.500000	0.500000	
0.887671	0.500000	0.500000	0.107377	0.500000	0.500000	
0.886658	0.500000	0.500000	0.108375	0.500000	0.500000	
0.885644	0.500000	0.500000	0.109374	0.500000	0.500000	
0.884631	0.500000	0.500000	0.110372	0.500000	0.500000	
0.883618	0.500000	0.500000	0.111370	0.500000	0.500000	
0.882605	0.500000	0.500000	0.112369	0.500000	0.500000	
0.881591	0.500000	0.500000	0.113367	0.500000	0.500000	
0.880578	0.500000	0.500000	0.114366	0.500000	0.500000	
0.879565	0.500000	0.500000	0.115364	0.500000	0.500000	
0.878551	0.500000	0.500000	0.116362	0.500000	0.500000	
0.877538	0.500000	0.500000	0.117361	0.500000	0.500000	
0.876525	0.500000	0.500000	0.118359	0.500000	0.500000	
0.875512	0.500000	0.500000	0.119358	0.500000	0.500000	
0.874498	0.500000	0.500000	0.120356	0.500000	0.500000	
0.873485	0.500000	0.500000	0.121354	0.500000	0.500000	
0.872472	0.500000	0.500000	0.122353	0.500000	0.500000	
0.871458	0.500000	0.500000	0.123351	0.500000	0.500000	
0.870445	0.500000	0.500000	0.124349	0.500000	0.500000	
0.869432	0.500000	0.500000	0.125348	0.500000	0.500000	
0.868419	0.500000	0.500000	0.126346	0.500000	0.500000	
0.867405	0.500000	0.500000	0.127345	0.500000	0.500000	
0.866392	0.500000	0.500000	0.128343	0.500000	0.500000	
0.865379	0.500000	0.500000	0.129341	0.500000	0.500000	
0.864366	0.500000	0.500000	0.130340	0.500000	0.500000	
0.863352	0.500000	0.500000	0.131338	0.500000	0.500000	
0.862339	0.500000	0.500000	0.132336	0.500000	0.500000	
0.861326	0.500000	0.500000	0.133335	0.500000	0.500000	
0.860312	0.500000	0.500000	0.134333	0.500000	0.500000	
0.859299	0.500000	0.500000	0.135332	0.500000	0.500000	
0.858286	0.500000	0.500000	0.136330	0.500000	0.500000	
0.857273	0.500000	0.500000	0.137328	0.500000	0.500000	
0.856259	0.500000	0.500000	0.138327	0.500000	0.500000	
0.855246	0.500000	0.500000	0.139325	0.500000	0.500000	
0.854233	0.500000	0.500000	0.140323	0.500000	0.500000	
0.853219	0.500000	0.500000	0.141322	0.500000	0.500000	
0.852206	0.500000	0.500000	0.142320	0.500000	0.500000	
0.851193	0.500000	0.500000	0.143319	0.500000	0.500000	
0.850180	0.500000	0.500000	0.144317	0.500000	0.500000	
0.849166	0.500000	0.500000	0.145315	0.500000	0.500000	
0.848153	0.500000	0.500000	0.146314	0.500000	0.500000	
0.847140	0.500000	0.500000	0.147312	0.500000	0.500000	
0.846126	0.500000	0.500000	0.148310	0.500000	0.500000	
0.845113	0.500000	0.500000	0.149309	0.500000	0.500000	
0.844100	0.500000	0.500000	0.150307	0.500000	0.500000	
0.843087	0.500000	0.500000	0.151306	0.500000	0.500000	
0.842073	0.500000	0.500000	0.152304	0.500000	0.500000	
0.841060	0.500000	0.500000	0.153302	0.500000	0.500000	
0.840047	0.500000	0.500000	0.154301	0.500000	0.500000	
0.839034	0.500000	0.500000	0.155299	0.500000	0.500000	
0.838020	0.500000	0.500000	0.156297	0.500000	0.500000	
0.837007	0.500000	0.500000	0.157296	0.500000	0.500000	
0.835994	0.500000	0.500000	0.158294	0.500000	0.500000	
0.834980	0.500000	0.500000	0.159293	0.500000	0.500000	
0.833967	0.500000	0.500000	0.160291	0.500000	0.500000	
0.832954	0.500000	0.500000	0.161289	0.500000	0.500000	
0.831941	0.500000	0.500000	0.162288	0.500000	0.500000	
0.830927	0.500000	0.500000	0.163286	0.500000	0.500000	
0.829914	0.500000	0.500000	0.164285	0.500000	0.500000	
0.828901	0.500000	0.500000	0.165283	0.500000	0.500000	
0.827887	0.500000	0.500000	0.166281	0.500000	0.500000	
0.826874	0.500000	0.500000	0.167280	0.500000	0.500000	
0.825861	0.500000	0.500000	0.168278	0.500000	0.500000	
0.824848	0.500000	0.500000	0.169276	0.500000	0.500000	
0.823834	0.500000	0.500000	0.170275	0.500000	0.500000	
0.822821	0.500000	0.500000	0.171273	0.500000	0.500000	
0.821808	0.500000	0.500000	0.172272	0.500000	0.500000	
0.820795	0.500000	0.500000	0.173270	0.500000	0.500000	
0.819781	0.500000	0.500000	0.174268	0.500000	0.500000	
0.818768	0.500000	0.500000	0.175267	0.500000	0.500000	
0.817755	0.500000	0.500000	0.176265	0.500000	0.500000	
0.816741	0.500000	0.500000	0.177263	0.500000	0.500000	
0.815728	0.500000	0.500000	0.178262	0.500000	0.500000	
0.814715	0.500000	0.500000	0.179260	0.500000	0.500000	
0.813702	0.500000	0.500000	0.180259	0.500000	0.500000	
0.812688	0.500000	0.500000	0.181257	0.500000	0.500000	
0.811675	0.500000	0.500000	0.182255	0.500000	0.500000	
0.810662	0.500000	0.500000	0.183254	0.500000	0.500000	
0.809648	0.500000	0.500000	0.184252	0.500000	0.500000	
0.808635	0.500000	0.500000	0.185250	0.500000	0.500000	
0.807622	0.500000	0.500000	0.186249	0.500000	0.500000	
0.806609	0.500000	0.500000	0.187247	0.500000	0.500000	
0.805595	0.500000	0.500000	0.188246	0.500000	0.500000	
0.804582	0.500000	0.500000	0.189244	0.500000	0.500000	
0.803569	0.500000	0.500000	0.190242	0.500000	0.500000	
0.802556	0.500000	0.500000	0.191241	0.500000	0.500000	
0.801542	0.500000	0.500000	0.192239	0.500000	0.500000	
0.800529	0.500000	0.500000	0.193237	0.500000	0.500000	
0.799516	0.500000	0.500000	0.194236	0.500000	0.500000	
0.798502	0.500000	0.500000	0.195234	0.500000	0.500000	
0.797489	0.500000	0.500000	0.196233	0.500000	0.500000	
0.796476	0.500000	0.500000	0.197231	0.500000	0.500000	
0.795463	0.500000	0.500000	0.198229	0.500000	0.500000	
0.794449	0.500000	0.500000	0.199228	0.500000	0.500000	
0.793436	0.500000	0.500000	0.200226	0.500000	0.500000	
0.792423	0.500000	0.500000	0.201224	0.500000	0.500000	
0.791409	0.500000	0.500000	0.202223	0.500000	0.500000	
0.790396	0.500000	0.500000	0.203221	0.500000	0.500000	
0.789383	0.500000	0.500000	0.204220	0.500000	0.500000	
0.788370	0.500000	0.500000	0.205218	0.500000	0.500000	
0.787356	0.500000	0.500000	0.206216	0.500000	0.500000	
0.786343	0.500000	0.500000	0.207215	0.500000	0.500000	
0.785330	0.500000	0.500000	0.208213	0.500000	0.500000	
0.784316	0.500000	0.500000	0.209212	0.500000	0.500000	
0.783303	0.500000	0.500000	0.210210	0.500000	0.500000	
0.782290	0.500000	0.500000	0.211208	0.500000	0.500000	
0.781277	0.500000	0.500000	0.212207	0.500000	0.500000	
0.780263	0.500000	0.500000	0.213205	0.500000	0.500000	
0.779250	0.500000	0.500000	0.214203	0.500000	0.500000	
0.778237	0.500000	0.500000	0.215202	0.500000	0.500000	
0.777224	0.500000	0.500000	0.216200	0.500000	0.500000	
0.776210	0.500000	0.500000	0.217199	0.500000	0.500000	
0.775197	0.500000	0.500000	0.218197	0.500000	0.500000	
0.774184	0.500000	0.500000	0.219195	0.500000	0.500000	
0.773170	0.500000	0.500000	0.220194	0.500000	0.500000	
0.772157	0.500000	0.500000	0.221192	0.500000	0.500000	
0.771144	0.500000	0.500000	0.222190	0.500000	0.500000	
0.770131	0.500000	0.500000	0.223189	0.500000	0.500000	
0.769117	0.500000	0.500000	0.224187	0.500000	0.500000	
0.768104	0.500000	0.500000	0.225186	0.500000	0.500000	
0.767091	0.500000	0.500000	0.226184	0.500000	0.500000	
0.766077	0.500000	0.500000	0.227182	0.500000	0.500000	
0.765064	0.500000	0.500000	0.228181	0.500000	0.500000	
0.764051	0.500000	0.500000	0.229179	0.500000	0.500000	
0.763038	0.500000	0.500000	0.230177	0.500000	0.500000	
0.762024	0.500000	0.500000	0.231176	0.500000	0.500000	
0.761011	0.500000	0.500000	0.232174	0.500000	0.500000	
0.759998	0.500000	0.500000	0.233173	0.500000	0.500000	
0.758985	0.500000	0.500000	0.234171	0.500000	0.500000	
0.757971	0.500000	0.500000	0.235169	0.500000	0.500000	
0.756958	0.500000	0.500000	0.236168	0.500000	0.500000	
0.755945	0.500000	0.500000	0.237166	0.500000	0.500000	
0.754931	0.500000	0.500000	0.238164	0.500000	0.500000	
0.753918	0.500000	0.500000	0.239163	0.500000	0.500000	
0.752905	0.500000	0.500000	0.240161	0.500000	0.500000	
0.751892	0.500000	0.500000	0.241160	0.500000	0.500000	
0.750878	0.500000	0.500000	0.242158	0.500000	0.500000	
0.749865	0.500000	0.500000	0.243156	0.500000	0.500000	
0.748852	0.500000	0.500000	0.244155	0.500000	0.500000	
0.747838	0.500000	0.500000	0.245153	0.500000	0.500000	
0.746825	0.500000	0.500000	0.246151	0.500000	0.500000	
0.745812	0.500000	0.500000	0.247150	0.500000	0.500000	
0.744799	0.500000	0.500000	0.248148	0.500000	0.500000	
0.743785	0.500000	0.500000	0.249147	0.500000	0.500000	
0.742772	0.500000	0.500000	0.250147	0.500000	0.500000	
0.741759	0.500000	0.500000	0.251160	0.500000	0.500000	
0.740745	0.500000	0.500000	0.252174	0.500000	0.500000	
0.739732	0.500000	0.500000	0.253187	0.500000	0.500000	
0.738719	0.500000	0.500000	0.254200	0.500000	0.500000	
0.737706	0.500000	0.500000	0.255214	0.500000	0.500000	
0.736692	0.500000	0.500000	0.256227	0.500000	0.500000	
0.735679	0.500000	0.500000	0.257240	0.500000	0.500000	
0.734666	0.500000	0.500000	0.258253	0.500000	0.500000	
0.733653	0.500000	0.500000	0.259267	0.500000	0.500000	
0.732639	0.500000	0.500000	0.260280	0.500000	0.500000	
0.731626	0.500000	0.500000	0.261293	0.500000	0.500000	
0.730613	0.500000	0.500000	0.262307	0.500000	0.500000	
0.729599	0.500000	0.500000	0.263320	0.500000	0.500000	
0.728586	0.500000	0.500000	0.264333	0.500000	0.500000	
0.727573	0.500000	0.500000	0.265346	0.500000	0.500000	
0.726560	0.500000	0.500000	0.266360	0.500000	0.500000	
0.725546	0.500000	0.500000	0.267373	0.500000	0.500000	
0.724533	0.500000	0.500000	0.268386	0.500000	0.500000	
0.723520	0.500000	0.500000	0.269399	0.500000	0.500000	
0.722506	0.500000	0.500000	0.270413	0.500000	0.500000	
0.721493	0.500000	0.500000	0.271426	0.500000	0.500000	
0.720480	0.500000	0.500000	0.272439	0.500000	0.500000	
0.719467	0.500000	0.500000	0.273453	0.500000	0.500000	
0.718453	0.500000	0.500000	0.274466	0.500000	0.500000	
0.717440	0.500000	0.500000	0.275479	0.500000	0.500000	
0.716427	0.500000	0.500000	0.276492	0.500000	0.500000	
0.715414	0.500000	0.500000	0.277506	0.500000	0.500000	
0.714400	0.500000	0.500000	0.278519	0.500000	0.500000	
0.713387	0.500000	0.500000	0.279532	0.500000	0.500000	
0.712374	0.500000	0.500000	0.280546	0.500000	0.500000	
0.711360	0.500000	0.500000	0.281559	0.500000	0.500000	
0.710347	0.500000	0.500000	0.282572	0.500000	0.500000	
0.709334	0.500000	0.500000	0.283585	0.500000	0.500000	
0.708321	0.500000	0.500000	0.284599	0.500000	0.500000	
0.707307	0.500000	0.500000	0.285612	0.500000	0.500000	
0.706294	0.500000	0.500000	0.286625	0.500000	0.500000	
0.705281	0.500000	0.500000	0.287638	0.500000	0.500000	
0.704267	0.500000	0.500000	0.288652	0.500000	0.500000	
0.703254	0.500000	0.500000	0.289665	0.500000	0.500000	
0.702241	0.500000	0.500000	0.290678	0.500000	0.500000	
0.701228	0.500000	0.500000	0.291692	0.500000	0.500000	
0.700214	0.500000	0.500000	0.292705	0.500000	0.500000	
0.699201	0.500000	0.500000	0.293718	0.500000	0.500000	
0.698188	0.500000	0.500000	0.294731	0.500000	0.500000	
0.697174	0.500000	0.500000	0.295745	0.500000	0.500000	
0.696161	0.500000	0.500000	0.296758	0.500000	0.500000	
0.695148	0.500000	0.500000	0.297771	0.500000	0.500000	
0.694135	0.500000	0.500000	0.298785	0.500000	0.500000	
0.693121	0.500000	0.500000	0.299798	0.500000	0.500000	
0.692108	0.500000	0.500000	0.300811	0.500000	0.500000	
0.691095	0.500000	0.500000	0.301824	0.500000	0.500000	
0.690082	0.500000	0.500000	0.302838	0.500000	0.500000	
0.689068	0.500000	0.500000	0.303851	0.500000	0.500000	
0.688055	0.500000	0.500000	0.304864	0.500000	0.500000	
0.687042	0.500000	0.500000	0.305878	0.500000	0.500000	
0.686028	0.500000	0.500000	0.306891	0.500000	0.500000	
0.685015	0.500000	0.500000	0.307904	0.500000	0.500000	
0.684002	0.500000	0.500000	0.308917	0.500000	0.500000	
0.682989	0.500000	0.500000	0.309931	0.500000	0.500000	
0.681975	0.500000	0.500000	0.310944	0.500000	0.500000	
0.680962	0.500000	0.500000	0.311957	0.500000	0.500000	
0.679949	0.500000	0.500000	0.312970	0.500000	0.500000	
0.678935	0.500000	0.500000	0.313984	0.500000	0.500000	
0.677922	0.500000	0.500000	0.314997	0.500000	0.500000	
0.676909	0.500000	0.500000	0.316010	0.500000	0.500000	
0.675896	0.500000	0.500000	0.317024	0.500000	0.500000	
0.674882	0.500000	0.500000	0.318037	0.500000	0.500000	
0.673869	0.500000	0.500000	0.319050	0.500000	0.500000	
0.672856	0.500000	0.500000	0.320063	0.500000	0.500000	
0.671843	0.500000	0.500000	0.321077	0.500000	0.500000	
0.670829	0.500000	0.500000	0.322090	0.500000	0.500000	
0.669816	0.500000	0.500000	0.323103	0.500000	0.500000	
0.668803	0.500000	0.500000	0.324117	0.500000	0.500000	
0.667789	0.500000	0.500000	0.325130	0.500000	0.500000	
0.666776	0.500000	0.500000	0.326143	0.500000	0.500000	
0.665763	0.500000	0.500000	0.327156	0.500000	0.500000	
0.664750	0.500000	0.500000	0.328170	0.500000	0.500000	
0.663736	0.500000	0.500000	0.329183	0.500000	0.500000	
0.662723	0.500000	0.500000	0.330196	0.500000	0.500000	
0.661710	0.500000	0.500000	0.331209	0.500000	0.500000	
0.660696	0.500000	0.500000	0.332223	0.500000	0.500000	
0.659683	0.500000	0.500000	0.333236	0.500000	0.500000	
0.658670	0.500000	0.500000	0.334249	0.500000	0.500000	
0.657657	0.500000	0.500000	0.335263	0.500000	0.500000	
0.656643	0.500000	0.500000	0.336276	0.500000	0.500000	
0.655630	0.500000	0.500000	0.337289	0.500000	0.500000	
0.654617	0.500000	0.500000	0.338302	0.500000	0.500000	
0.653603	0.500000	0.500000	0.339316	0.500000	0.500000	
0.652590	0.500000	0.500000	0.340329	0.500000	0.500000	
0.651577	0.500000	0.500000	0.341342	0.500000	0.500000	
0.650564	0.500000	0.500000	0.342356	0.500000	0.500000	
0.649550	0.500000	0.500000	0.343369	0.500000	0.500000	
0.648537	0.500000	0.500000	0.344382	0.500000	0.500000	
0.647524	0.500000	0.500000	0.345395	0.500000	0.500000	
0.646511	0.500000	0.500000	0.346409	0.500000	0.500000	
0.645497	0.500000	0.500000	0.347422	0.500000	0.500000	
0.644484	0.500000	0.500000	0.348435	0.500000	0.500000	
0.643471	0.500000	0.500000	0.349449	0.500000	0.500000	
0.642457	0.500000	0.500000	0.350462	0.500000	0.500000	
0.641444	0.500000	0.500000	0.351475	0.500000	0.500000	
0.640431	0.500000	0.500000	0.352488	0.500000	0.500000	
0.639418	0.500000	0.500000	0.353502	0.500000	0.500000	
0.638404	0.500000	0.500000	0.354515	0.500000	0.500000	
0.637391	0.500000	0.500000	0.355528	0.500000	0.500000	
0.636378	0.500000	0.500000	0.356541	0.500000	0.500000	
0.635364	0.500000	0.500000	0.357555	0.500000	0.500000	
0.634351	0.500000	0.500000	0.358568	0.500000	0.500000	
0.633338	0.500000	0.500000	0.359581	0.500000	0.500000	
0.632325	0.500000	0.500000	0.360595	0.500000	0.500000	
0.631311	0.500000	0.500000	0.361608	0.500000	0.500000	
0.630298	0.500000	0.500000	0.362621	0.500000	0.500000	
0.629285	0.500000	0.500000	0.363634	0.500000	0.500000	
0.628272	0.500000	0.500000	0.364648	0.500000	0.500000	
0.627258	0.500000	0.500000	0.365661	0.500000	0.500000	
0.626245	0.500000	0.500000	0.366674	0.500000	0.500000	
0.625232	0.500000	0.500000	0.367688	0.500000	0.500000	
0.624218	0.500000	0.500000	0.368701	0.500000	0.500000	
0.623205	0.500000	0.500000	0.369714	0.500000	0.500000	
0.622192	0.500000	0.500000	0.370727	0.500000	0.500000	
0.621179	0.500000	0.500000	0.371741	0.500000	0.500000	
0.620165	0.500000	0.500000	0.372754	0.500000	0.500000	
0.619152	0.500000	0.500000	0.373767	0.500000	0.500000	
0.618139	0.500000	0.500000	0.374780	0.500000	0.500000	
0.617125	0.500000	0.500000	0.375794	0.500000	0.500000	
0.616112	0.500000	0.500000	0.376807	0.500000	0.500000	
0.615099	0.500000	0.500000	0.377820	0.500000	0.500000	
0.614086	0.500000	0.500000	0.378834	0.500000	0.500000	
0.613072	0.500000	0.500000	0.379847	0.500000	0.500000	
0.612059	0.500000	0.500000	0.380860	0.500000	0.500000	
0.611046	0.500000	0.500000	0.381873	0.500000	0.500000	
0.610032	0.500000	0.500000	0.382887	0.500000	0.500000	
0.609019	0.500000	0.500000	0.383900	0.500000	0.500000	
0.608006	0.500000	0.500000	0.384913	0.500000	0.500000	
0.606993	0.500000	0.500000	0.385927	0.500000	0.500000	
0.605979	0.500000	0.500000	0.386940	0.500000	0.500000	
0.604966	0.500000	0.500000	0.387953	0.500000	0.500000	
0.603953	0.500000	0.500000	0.388966	0.500000	0.500000	
0.602940	0.500000	0.500000	0.389980	0.500000	0.500000	
0.601926	0.500000	0.500000	0.390993	0.500000	0.500000	
0.600913	0.500000	0.500000	0.392006	0.500000	0.500000	
0.599900	0.500000	0.500000	0.393019	0.500000	0.500000	
0.598886	0.500000	0.500000	0.394033	0.500000	0.500000	
0.597873	0.500000	0.500000	0.395046	0.500000	0.500000	
0.596860	0.500000	0.500000	0.396059	0.500000	0.500000	
0.595847	0.500000	0.500000	0.397073	0.500000	0.500000	
0.594833	0.500000	0.500000	0.398086	0.500000	0.500000	
0.593820	0.500000	0.500000	0.399099	0.500000	0.500000	
0.592807	0.500000	0.500000	0.400112	0.500000	0.500000	
0.591793	0.500000	0.500000	0.401126	0.500000	0.500000	
0.590780	0.500000	0.500000	0.402139	0.500000	0.500000	
0.589767	0.500000	0.500000	0.403152	0.500000	0.500000	
0.588754	0.500000	0.500000	0.404166	0.500000	0.500000	
0.587740	0.500000	0.500000	0.405179	0.500000	0.500000	
